3.144360
3.143691
3.143335
3.142982
3.142245
3.143096
3.142495
3.142747
3.143112
3.143191
3.141497
3.142736
3.142990
3.143542
3.142738
3.142260
3.143405
3.143537
3.142811
3.143261
3.141680
3.143062
3.143296
3.143564
3.143024
3.143306
3.141904
3.141526
3.143301
3.143002
3.143621
3.142924
3.143232
3.143252
3.142637
3.144073
3.142812
3.142426
3.142911
3.143894
3.142405
3.144075
3.142841
3.142156
3.143175
3.142238
3.142812
3.142814
3.144228
3.142980
3.143432
3.143842
3.143463
3.143797
3.143434
3.144171
3.143380
3.141563
3.143484
3.143213
3.142567
3.143130
3.142818
3.143307
3.143280
3.142696
3.142739
3.143756
3.143648
3.143561
3.142847
3.142537
3.143903
3.144091
3.144407
3.143063
3.143326
3.143120
3.142377
3.143728
3.142574
3.143236
3.143684
3.143591
3.144091
3.144576
3.143774
3.143659
3.143110
3.142065
3.143501
3.143132
3.143171
3.142248
3.142833
3.142479
3.143161
3.143158
3.143058
3.143660
